rows: 25cols: 25
  -1  -1  -1  -1  -1  -1  -1  -1  -1  -1  -1  -1  -1  -1  -1  -1  -1  -1  -1  -1  -1  -1  -1  -1  -1
  -1   0  -1  -1  -1  -1  -1  -1  -1  -1  -1  -1  -1  -1  -1  -1  -1  -1  -1  -1  -1  -1  -1  -1  -1
  -1  23  -1  25  26  27  28  29  30  31  32  33  34  35 384 407 430 453  40  41  42  43  44  45  -1
  -1  46  -1  48  49  50  51  52  53  54  55  56  57  58 361  60  61 476  63  64  65  66  67  68  -1
  -1  69  21  71  72  73  74  75  76  77  78  79  80  81 338  83  84 499  86  87  88  89  90  91  -1
  -1  92  20  94  95  96  97  98  99 100 101 102 103 104 315 106 107 498 109 110 111 112 113 114  -1
  -1 115  19 117 118 119 120 121 122 123 124 125 126 127 292 129 130 497 132 133 134 135 136 137  -1
  -1 138  18 140 141 142 143 144 145 146 147 148 149 150  62 152 153 496 155 156 157 158 159 160  -1
  -1 161  17 163 164 165 166 167 168 169 170 171 172 173  39 175 176 495 178 179 180 181 182 183  -1
  -1 184  16 186 187 188 189 190 191 192 193 194 195 196  38  37  36 494 201 202 203 204 205 206  -1
  -1 207  15 209 210 211 212 213 214 215 216 217 218 219 220 221  59 493 224 225 226 227 228 229  -1
  -1 230  14 232 233 234 235 236 237 238 239 240 241 242 243 244  82 492 247 248 249 250 251 252  -1
  -1 253  13 255 256 257 258 259 245 222 199 198 197 174 151 128 105 491 270 271 272 273 274 275  -1
  -1 276  12 278 279 280 281 282 283 284 285 286 287 288 289 290 291 490 293 294 295 296 297 298  -1
  -1 299  11 301 302 303 304 305 306 307 308 309 310 311 312 313 314 489 316 317 318 319 320 321  -1
  -1 322  10 324 325 326 327 328 329 330 331 332 333 334 335 336 337 488 339 340 341 342 343 344  -1
  -1 345   9 347 348 349 350 351 352 353 354 355 356 357 358 359 360 487 362 363 364 365 366 367  -1
  -1 368   8 370 371 372 373 374 375 376 377 378 379 380 381 382 383 486 385 386 387 388 389 390  -1
  -1 391   7 393 394 395 396 397 398 399 400 401 402 403 404 405 406 485 408 409 410 411 412 413  -1
  -1 414   6 416 417 418 419 420 421 422 423 424 425 426 427 428 429 484 431 432 433 434 435 436  -1
  -1 437   5 439 440 441 442 443 444 445 446 447 448 449 450 451 452 461 454 455 456 457 458 459  -1
  -1 460   4 462 463 464 465 466 467 468 469 470 471 472 473 474 475 323 477 478 479 480 481 482  -1
  -1 483   3   2   1  24  47  70  93 116 139 162 185 208 231 254 277 300 500 501 502 503 504  22  -1
  -1 346 369 392 415 438 269 246 223 200 177 154 131 108  85 268 267 266 265 264 263 262 261 260  -1
  -1  -1  -1  -1  -1  -1  -1  -1  -1  -1  -1  -1  -1  -1  -1  -1  -1  -1  -1  -1  -1  -1  -1  -1  -1
